9431000185553150
6608618644346805
9643089010853477
0219202471288862
8538396984998577
2949876946509746
4152884464113381
4447980744693927
8385235084362397
7273655277263530
5455019421178378
3805416915144403
8520724134665959
4071238398557445
4046004436735286
8822196369425940
7358792421539207
4082288848008107
9776872151879057
4943660167846024
2689525279061807
2815124759586929
7242848662914238
6393239099830769
5247764004693044
7443888205964378
9167238836095829
4961698806038686
4258710323344494
3704905244949572
2830323958898588
2089194436356685
0354785662655310
3414068548141580
1493565596528115
4506735282114303
9160385985359610
5824950581521006
4538143584216586
0981713928727300
5994252055855063
2330016002564423
3897470487968869
2706571604272474
1251279689901751
8300828614499222
5078987521475050
3429160401547455
9825283539851555
0254290864588431
1804907127004178
2324889135505030
8478528523727510
8980308981112899
9304251872021915
9433953282368491
7627524420268695
6688045590210166
6417210994938857
2059987681379313
1428864537642759
6075030512720658
0853798827343995
7806666716120158
6270125787954992
7485283797169107
8280831811901225
4559351216958481
7448436955317565
4304666474751643
1663301503982035
5327490743596838
0871201503103892
2758230254041155
7830322341199140
7201481552552946
1580967699348237
2204037754440762
4112209449229764
1528846556212198
0863806574072157
0614895881075077
1069964298494858
6893797130590856
8071037372402037
8887056290429335
7655507521704493
2555722967282546
3529750304363081
6234529976415208
3095239092786964
5270059221767561
1781029324909150
7444085583268534
8108221384663660
2518129861890812
8350357754964225
6471259463086366
0849877589763457
1521140083869673